1
4
12
12
40
12
11
12
12
11
12
11
41
12
11
12
12
11
12
11
12
29
12
11
12
29
11
12
12
11
12
11
12
41
11
12
12
11
12
52
12
11
12
23
290
64
6
35
11
12
12
11
12
11
12
12
11
12
12
23
46
12
11
47
35
93
63
24
75
12
52
12
69
12
11
64
12
12
11
122
12
40
12
11
12
12
11
12
12
220
12
145
6
46
47
58
11
12
11
24
11
12
23
12
11
12
12
11
12
11
12
12
11
12
46
76
11
12
12
11
12
11
12
46
12
12
46
12
40
12
12
23
11
12
12
11
29
12
11
12
12
11
41
12
11
12
11
12
12
11
12
40
24
11
12
342
18
11
12
12
11
23
12
12
11
12
11
12
12
35
11
157
11
24
11
12
81
12
75
35
12
11
134
11
53
11
12
12
98
12
11
24
17
23
12
12
11
168
122
64
35
17
12
35
35
11
12
12
11
12
11
12
12
11
12
11
12
12
11
12
23
23
12
23
12
11
12
46
12
12
52
11
12
12
11
12
23
12
35
11
23
12
12
46
12
11
18
23
12
11
12
11
12
52
12
58
29
12
11
12
11
12
12
63
192
134
29
29
11
23
12
12
46
35
99
11
12
11
12
12
11
12
23
12
46
76
11
12
35
34
70
12
11
64
47
23
40
12
12
11
12
75
12
12
11
12
35
17
12
23
35
342
18
11
23
12
12
23
12
11
12
11
12
12
11
23
12
12
34
12
46
24
11
12
23
29
18
23
29
11
12
12
11
87
12
17
12
12
11
12
110
12
11
12
12
11
12
64
11
58
29
12
23
12
11
285
168
12
75
52
12
12
11
12
12
11
12
11
12
12
11
12
11
12
12
11
35
12
11
76
11
12
12
11
12
11
24
34
70
12
11
41
35
23
41
11
12
11
12
12
75
23
12
12
23
64
11
12
12
98
47
75
139
12
12
11
12
11
12
23
12
12
11
12
133
12
11
35
12
12
11
12
11
12
93
11
64
35
12
11
29
12
12
23
23
35
11
30
11
12
11
12
12
11
12
52
23
12
11
41
23
12
12
11
12
377
6
35
11
24
11
12
11
12
12
11
12
11
24
11
12
11
12
12
11
35
23
70
23
12
11
12
12
64
34
12
35
11
24
11
12
81
12
29
23
12
11
12
11
76
11
12
76
11
12
11
12
12
11
52
169
11
122
41
12
5
12
35
11
29
18
11
12
35
87
12
34
12
12
11
12
11
12
12
46
76
11
23
12
105
11
76
11
12
35
11
12
29
12
11
12
11
12
12
52
11
12
12
11
12
52
12
11
12
12
23
145
197
18
11
24
23
23
12
11
12
11
12
12
11
23
12
128
93
75
12
75
64
12
11
70
12
40
23
12
12
11
76
46
23
29
12
12
11
12
418
58
35
46
58
12
11
12
12
11
12
11
12
12
11
12
11
12
12
11
24
23
98
12
12
11
12
11
12
12
46
23
35
12
23
17
12
35
23
52
12
12
11
12
75
12
11
12
12
23
11
53
11
12
145
12
133
52
29
12
12
11
12
23
12
11
12
12
11
12
11
146
46
58
6
220
29
70
23
24
11
29
12
11
12
12
11
87
12
12
11
52
12
12
11
23
87
279
6
12
11
23
12
35
11
12
12
11
12
11
12
12
11
12
12
11
12
11
35
12
11
24
11
12
11
12
12
11
12
12
11
52
12
12
11
12
11
12
12
11
12
35
11
24
11
58
12
11
41
12
11
12
11
12
52
12
12
11
35
41
11
12
11
12
12
11
221
11
24
191
12
11
12
12
168
12
11
35
12
11
47
23
12
11
76
11
12
11
59
46
58
52
47
64
11
12
11
12
12
98
12
75
12
12
255
110
53
11
12
11
12
12
11
12
11
12
12
34
12
12
35
11
58
