129
129
122
252
374
252
252
245
129
122
130
122
122
252
374
252
252
251
123
122
130
122
122
252
374
252
252
251
123
122
130
122
122
252
374
252
252
245
129
122
130
244
252
374
252
252
251
123
252
122
122
252
374
252
252
251
123
252
244
252
374
252
252
245
129
252
244
252
374
252
252
251
123
245
258
252
211
197
470
748
122
252
218
224
218
462
375
251
252
163
313
272
130
619
251
252
163
334
625
102
273
503
211
667
625
123
122
245
197
252
218
462
375
251
136
116
224
279
245
130
244
375
394
109
497
374
374
503
252
211
224
443
625
123
122
252
190
313
157
218
469
401
102
150
224
252
272
130
190
578
102
245
170
245
531
809
252
211
252
415
748
122
252
497
224
150
258
368
251
252
476
402
244
878
197
300
136
489
626
109
143
381
537
252
823
1755
252
463
278
470
2333
449
925
1075
2442
306
1715
1156
136
252
163
538
217
320
755
1755
116
136
463
278
470
660
1673
197
252
116
374
503
184
823
136
837
1469
306
1715
1088
313
184
163
279
218
183
619
340
157
381
122
157
279
156
538
183
184
197
184
313
252
122
252
217
211
252
197
177
252
252
442
224
204
143
109
503
381
619
340
157
381
122
157
435
408
279
218
435
252
313
585
224
184
381
286
272
408
408
143
102
490
401
619
340
157
503
245
347
191
530
184
381
565
122
252
217
211
245
204
211
286
306
320
571
150
224
218
401
252
367
286
211
503
245
130
217
517
878
415
353
735
415
463
251
266
360
252
381
286
204
292
198
142
123
122
130
122
190
191
252
245
183
436
251
252
211
197
306
164
129
306
184
251
130
122
381
313
184
244
232
143
251
252
197
211
259
211
625
123
122
130
312
191
252
245
156
313
156
245
252
211
170
252
245
183
327
109
251
252
381
252
245
204
415
251
109
143
408
259
211
483
142
123
252
312
191
252
245
156
156
313
245
252
211
170
279
218
156
122
157
184
251
252
163
245
286
184
190
429
251
252
503
164
211
319
306
245
252
190
218
225
245
190
279
150
251
116
129
218
197
470
306
313
251
116
129
415
470
306
435
122
252
374
252
252
245
129
122
130
122
122
252
374
252
252
245
129
122
130
122
122
252
374
252
252
245
129
122
130
122
122
252
374
252
252
251
123
122
130
122
122
252
374
252
252
251
123
122
130
122
122
252
374
252
252
245
129
122
